layer_0:weights
0.09332671411126761,1.3179515018599166,-0.9663153861810865,-0.7371791612838803,0.6833473496446723,1.7036646454252693,0.4368628627917024,0.4226346608598395,-0.9956671251071192,1.7683753854979138,0.14830974285321807,-0.8966374326002329,-0.3711944216191647,1.6754456155064,-0.35001397403018,0.6570365763756189,-0.43549778419599794,-0.9876109410643744,-0.743552480760854,-0.5856368935205372
layer_1:weights
-0.17002443500288697,0.1681770235819052,-0.07402058848710545,0.06116013254781742,0.1700303863265908,-0.09170279278737722,0.11946212081315385,-0.04594429182209017,0.03931180033091814,-0.2076338382135883
0.05479467228943847,0.24178034081738625,0.6530185006689061,-0.01754107531813282,-0.10038160739501086,-0.2218907008891911,-0.15827538220030749,-0.04652743539609347,0.46001468489513536,0.12615871775166412
0.15985233193141188,0.04114101155563024,-0.20628874875503198,-0.03290184085820291,-0.023495749454296583,-0.029728199637159863,0.004200578448038589,-0.04415813930669185,0.10586462995089943,0.1436213763419902
0.11352668991145706,0.10613858581966226,-0.13979972866743168,-0.03827414095843734,0.08614923034142977,0.17978472754794297,0.2022614635384863,0.03827859790106905,0.15062254115026216,0.0328970423555979
-0.10291707266112864,-0.09892315680216578,-0.011643420530402898,-0.018371663815325047,0.12965664734055238,0.16231702798239428,0.07726518557900006,-0.18414808174904077,-0.01138179440086881,0.013220667636352795
0.20534967147656433,0.21325088773297196,0.8532757735539561,-0.7657235800702318,-0.06206962469355472,-0.32367905901086724,0.002329385080802937,-0.017758600478343073,0.7079597810986241,-0.09839122241294246
-0.14043368586549865,-0.11910643827200611,0.2232982449928638,-0.0787901805732743,-0.11334294536838513,0.22300769948231294,-0.1950420423481981,-0.03961049251031731,0.09853916895969092,0.12313601922455134
0.18173930147548303,0.16909740816288923,-0.00028481146625525255,-0.07498492825449274,-0.09057488589123747,0.12365534302737155,0.1256172110478557,0.058530887735068565,0.008305733743292326,-0.21528195378111672
0.028680874494311254,-0.22285579930366703,0.10288514647817268,0.06065895428524706,0.07209926430423766,-0.04589232308000149,0.12329881127798556,0.20605355415600743,0.22265038797269524,-0.11663963449354962
0.0035793711927217566,0.25110493137374584,0.8666066026660914,-0.8425351055346348,0.10629468761552949,-0.5382766203450092,0.18588659492089868,0.04303666162514366,0.3966204593071184,0.05154770730657812
0.09475254401690911,0.0387742304671336,-0.11614352011755269,0.06803311465602682,0.07588008058380694,-0.11385421647579634,0.08596272129078572,-0.03265590601627508,0.11957872377551496,-0.2224190268038392
0.05528628912618433,-0.14769905280436918,-0.606661870938475,0.1682379762615746,-0.19610656139309077,0.21097315101922423,-0.004552739304169912,-0.10341601737069991,-0.5592273827669803,-0.19140836564696892
-0.1662245749150712,0.17212725473296894,-0.22293027327554002,0.1751823787492824,0.1692645921287441,0.0888550698645856,-0.14902226994524442,-0.07497030464914453,-0.17212633189300508,-0.06920607286898114
0.13838908390175328,0.19023824531455502,0.7720768718377328,-0.8554930685636889,0.22490167808744552,-0.35308549725592236,0.10042104310446495,-0.2084175284322167,0.26814335700886655,-0.11625213197656313
-0.06836769960352243,0.09261378151655439,0.17236402754882105,0.1921721851633654,0.10808924100431752,0.06576265847555954,-0.018083061560338398,-0.08619921248501589,-0.20922537582955886,0.038785404375988625
0.04553047294559053,-0.07855262817973896,0.34085651444287945,-0.0490007599280714,0.1197784330916669,-0.060594740430728364,0.10951923892904017,0.011780236088897833,0.331881796664746,0.07793153802558575
0.07822266646996726,0.20556829450002975,0.06430138649982733,-0.18595350528600085,-0.011448829470125266,-0.021063266507199335,0.13403326630576548,-0.21557521218176717,-0.10569857539408402,0.0776906553392683
0.049049430575897085,0.061747466301494455,-0.6256938882376157,0.054478499343802174,0.18342947308224763,0.2923162676967945,-0.039460470979603146,0.05445401859587254,-0.4104592121158202,0.15869748052928764
-0.07127912196182601,0.08605870519003708,0.07288917458497321,0.16643571613974925,0.07789444809113585,-0.06270306187646937,-0.03493280823259426,0.15636900897782927,0.048586137152591274,0.045876924549351134
0.06890107428316658,-0.045221546663142154,0.12767345068363264,-0.11751387255882766,-0.11918777652580974,-0.24328371136409543,-0.17062395018125132,0.14442734647866282,-0.12477463376058892,0.07751869249561086
layer_2:weights
0.2828030544048313,-0.2861332062645376,0.11785329042305993,-0.18427964970927288,0.28292092911221617,0.10862113061154471,0.024003188072362902,-0.1253433282035193,-0.19681821445221534,0.08335338076914206
0.22896593893902342,-0.034493871023370704,-0.3940242257003518,0.1431492669458727,0.20128682841055698,-0.09320204797461792,-0.0013742023337262044,-0.13716424308535657,-0.23052956613782827,0.12092697945314068
-0.4840072731887633,0.11765305489104427,-1.1899984291137764,0.021259581493238606,-0.43554120277776415,-0.18999312434173737,-0.27346829589072674,-0.7354851505205315,-0.5400037426163017,-0.11321675455325728
0.087733323249687,0.12618931818831985,0.4743115230216995,-0.7540298355725334,0.43705603891930517,-0.13841773093232748,0.0037789893185148915,0.6953816183980079,0.24928621522441763,-0.21228434854160305
-0.2643917899730234,-0.2692886230592149,0.051334916670374944,-0.13354748516336465,0.24101583493124543,0.20389017581709318,0.14538817999348086,0.21859640568386257,0.1974110901144357,0.16203178552851932
0.2796044109129286,-0.23670130301135392,0.17031379306509448,-0.6553663496993689,-0.07493549955385141,-0.23611796795140322,-0.12937628529418466,0.39318527114929835,0.05516147926866159,-0.1458240955913376
-0.09746224136440701,-0.2863485409396077,0.1673135329023231,0.20632232163665604,-0.13099624309436037,-0.22917080806753662,-0.31125769227034467,-0.019052495009242776,0.23097370650996468,-0.1520148649895871
0.30611986820128295,-0.30109418061951077,0.0416719598523243,0.20167754934814103,0.09919258105601564,0.26665037664576746,-0.3072136880500307,0.23479971267376193,-0.03664673758324016,-0.3032073448255146
-0.34628951111984574,-0.297258387959683,-0.7523924716974343,-0.011785231423468219,-0.17740193672560403,0.190436197532243,-0.0859081076257236,-0.51259737197169,-0.5463317222894075,0.09810411477144432
-0.28811992819253346,-0.2546455440566372,0.20655134835630545,0.13821695156481656,0.12084680445783863,0.08938964917901465,-0.2526760987799139,-0.19195176452786522,-0.07042209671334496,0.07111299134676119
layer_3:weights
0.32244946250089085,-0.4862245947995144
-0.17304969201982323,0.19177142346925496
1.0133521067996856,-1.2333656383935396
-0.6706820744587426,0.7871258467291332
0.38194647825622663,-0.43605786143712666
-0.019235759453201884,-0.17918216424707797
-0.20789054239072524,-0.21178327419464765
0.8743625733618922,-0.819552075280358
0.6439209462859327,-0.5813273026183317
0.13171151100604073,0.22352318335546112
layer_0:bias
0.30491642967474186,0.26186292360382446,-0.3363241074064858,-0.25838222565514646,-0.5513024908835431,-0.8920304239650482,-0.6173319505952473,-0.9861574708110883,-0.06072504132664713,-0.9311598864932596,-0.8471284792221103,1.0485064019787675,-0.7341931271306328,-0.8818936768963961,-0.7997898625229656,-0.060934271772824296,-0.4498210708460699,0.6006703165472661,-0.4122531208572475,0.2528726242127723
layer_1:bias
-0.16154745723881628,-0.19487663059332058,-0.3545775037086549,0.3556462072429747,0.058585489357392016,0.39506619515542807,-0.13816848540099003,-0.18561619713311533,-0.22732022740394836,-0.07400557123251955
layer_2:bias
0.21665932351966802,-0.22754746760680755,0.6052897611533599,0.5826232655717094,0.13637895173905737,-0.15257032372958168,-0.17907182120287934,0.2956680134228132,0.32507684789637076,-0.20599513337229194
layer_3:bias
-0.917964121638042,0.9976814525093785
