layer_0:weights
-0.26275091250319993,-0.2353245214558467,0.23464641285122056,0.17979169153924007,0.4131711237377282,0.22867969608921837,-0.004324808418121193,-0.4063252321719075,-0.13228419694056648,-0.23479763231827455,-0.31050801452191595,0.4465672018326696,-0.08421205887843342,0.614609744914984,0.25034295167404325,0.31770770513592095,-0.04705935430685817,0.1452985137306293,-0.06800946172665756,-0.3047570122019555
0.22245211526150532,-0.4100987002142094,-0.49923705458270096,0.17231482893952432,-0.27119709947854065,0.5252078863797768,0.37327615993906044,0.4148643902204485,-0.1298412997445556,-0.48454338347113257,0.3894721645212223,-0.14889734442822256,0.48075450637250366,0.7360899065192863,0.46062773128677836,-0.21778839737367076,-0.13599471587088505,0.4220865262264606,-0.3421245646509285,-0.3305072533139075
0.056801262458350155,0.91178177867881,0.2244487288812542,0.032801568080801834,-0.42636350415375834,-0.019008670975737628,0.577224979611641,-0.35991598476347597,0.018329652363736737,0.37737307192795544,0.22788780891021532,0.3331920308133987,0.19600743663417344,-0.48965010256111335,-0.2825491047342681,0.36960546941287403,0.26648886376871117,0.30207210772627535,0.7537681141089684,0.011342398860937797
0.0015162946871996041,0.8345072652559662,0.190601748007777,0.15110146060925625,0.2611958618200693,0.21779989387776197,-0.07099419230303447,-0.12441704736005599,-0.406018060159131,0.07828014099617397,-0.4652557230767494,0.05847926093375855,0.019083967854399357,-0.6689858192404708,-0.05379484274397253,-0.4472461962086451,-0.4762895829503145,0.2686398153395619,0.2027480709597823,-0.3729394873481152
layer_1:weights
0.009947488304749647,0.12074478764303856,-0.12708870005862044,0.05495829154371576,-0.1854382510633092,-0.20049402940453964,0.014022217519167962,0.018172578838833775,0.061460520378218,0.10111111826549238
0.4472723686890679,0.007289737371679178,-0.15381889008988192,0.7541724157660772,-0.10248693288571874,-0.027292810374486776,-0.5342654753882692,-0.21226960063855532,0.3966625214081442,0.27451363488458386
0.24056175411495853,-0.04071748108817888,-0.1877596576128384,0.10652613591313977,-0.11169477151346047,0.022014833717695026,0.01707000884784558,0.07135199949558103,-0.014263608539446627,0.23727768421294554
0.16281777024102312,0.024307871253617025,0.0465354138630858,0.10073131355974625,-0.112818131218404,-0.06441097623059716,0.0906079206637485,-0.21784341917386987,-0.11378747030228926,-0.17427832642398378
-0.21328180809438496,0.15896680583407738,0.10439224851578525,-0.0443389101078105,-0.1798540310025241,-0.0037494946341220525,0.02451319002384595,-0.14615592346798328,-0.03735056017313412,-0.050513597455116965
0.08156186323401772,0.06041571733373499,-0.17685306807839715,-0.06226877357044732,0.0562862654358853,0.0014025774760186016,0.32260512761622967,0.06893370165453742,-0.08852329954170796,-0.1944480813158317
0.13509932252856993,-0.21175057924124432,0.03757894324963732,0.19163111371788177,0.033753078455275226,-0.050011929386206966,0.25078896178279303,-0.020851151350630332,0.08971404300938053,0.18476390533794543
-0.05093644886707674,0.2062506902583455,0.1812783180273874,-0.1360463403938408,-0.19258748099704184,-0.17853750540668029,-0.21545774958377606,-0.18137062170065882,0.08184311714037504,-0.1917702663132974
-0.08095655924944067,0.15423292781781586,-0.21319927169531633,0.14063458077001387,-0.09755751051473593,-0.17076188032766532,0.08798353509097159,0.05766499412243212,0.1688106163700421,0.10512696669746388
0.13572079804308054,-0.09747710249507119,-0.14425342139237693,0.11207832416663724,0.13722066697200527,0.21936056816533853,-0.03907856289157996,-0.05723525201157659,0.12361563401621714,-0.07119482115431222
0.18593287829699404,0.1602870554247475,-0.03214929085113945,0.10602141909471995,0.11383503392830388,-0.1774884015859955,0.1780538181866899,0.0022435597556509797,0.1460267861331307,-0.08047626493475205
0.2751353461035738,-0.04955051562865437,-0.23631065028778847,0.267213416364621,-0.18278215480320964,-0.08080539779099902,0.3076025831496419,0.19961362749992825,0.11939362620623757,0.0660733554687297
-0.0047179439538199055,-0.09247895429957023,-0.06918282337025651,0.12240927584005308,0.11286532072243485,0.13039811251707614,0.1588200848801544,-0.18354703458557534,0.03304388513155144,-0.18580908434621604
-0.13986662779827347,-0.026148354707891924,0.2620872803585724,-0.6159018270666323,-0.1712528364189367,-0.15965897349254343,0.619271844619581,0.05061526625013819,-0.2628761266092623,-0.2958265754784144
0.002418451606646239,-0.19106619205446165,0.18582361198557565,-0.12499267728624298,-0.1872265170695776,-0.18566621859994287,0.4087187932999605,-0.0572363936164171,-0.08851778592005667,0.10434353230810803
0.28211439398244514,0.21734628316903062,0.08989403931749512,-0.012432379391513447,-0.18626414200834393,0.12394386875363358,0.09715872018034112,-0.0344366894453904,0.21409149962866889,-0.18133248467288468
0.0010737216210540807,-0.2185292934515122,-0.014015386974467192,-0.19252816806097944,-0.17046981020592158,-0.17104746236317456,0.06725274244366278,0.11003461511064297,0.037266229402979,0.20691831385933676
0.07938833518752901,-0.09583246836607381,0.15913241709491974,0.1068460737866672,0.20715941737985685,-0.21817115142253296,0.23892735316965258,-0.20568968004196372,0.28753176845875345,0.051265107446519756
0.40473702163267794,-0.19060397069911583,-0.0335160088816671,0.6002141162699738,0.010329669939629998,0.057868830213268746,-0.09380713160746623,-0.020356253010278467,0.17701268427551664,0.10522291383978308
0.17940331623528502,-0.20328255859501698,-0.09795623952930127,0.20143013924834988,0.17453126998727522,-0.01983090302284482,0.053724930999575565,-0.09955816158495488,-0.1394764575202938,-0.016234566849174098
layer_2:weights
-0.09274819464533596,0.05290877072851202,-0.2670640648377038,0.33448970724997257,0.48710702884452445,0.428200943188702,0.3919277677202988,0.11885469705717988,0.19846139613827601,0.24287514246547665
-0.2133797831257767,0.2598931710961537,0.20399046357364775,0.2844784434697451,0.14275755176813998,0.07173006808627358,-0.051707643980274554,0.27368152316578814,0.2315191319922975,-0.2876289679569726
-0.29955182713306006,-0.07813142702679216,0.1964111720444543,0.39871190079859126,-0.25338272329497963,-0.045238840040323074,-0.11232147765286561,0.2920964405054359,0.21637500555058292,0.2077096854253966
-0.019800184278165323,-0.053872876967925254,-0.14330995087713364,-0.4230808336292021,0.3716697951599136,0.41231673330111024,0.5747288138422453,0.6696984600793676,0.03505808885844386,0.4268937824199093
0.28129454632313716,0.22113642649506876,-0.15979109073132408,-0.031278635214640305,-0.23454017939004076,0.28716708401535235,0.06715073492011236,-0.17162135881647314,0.1085930477064524,0.07471085916700049
-0.08970577362875037,-0.24440763862575837,0.10851241670136202,0.012843717779489339,0.17222927332771876,0.012752517823447385,0.22273913815638052,0.03282876733330348,0.03854055720846572,0.23821665466168435
-0.061042795200003885,-0.23146909340647334,-0.2980240031557321,0.7640206564767886,-0.037485738517219855,-0.03386041498871508,-0.0848950447569159,-0.4973970048615874,-0.30702891175360575,-0.422704871814675
0.05686893847888441,-0.06815084978624558,-0.03954433145692948,0.2555970832701371,-0.09599026950982263,0.008795199866836682,0.17935541146859327,-0.06543208964972491,0.0772144089468556,0.2291789322051187
0.2843018051955038,-0.22321032938781857,0.2697977034304952,-0.05474514819396284,-0.05329558296042283,0.13643802211979025,0.49643363392416334,0.18442417979396614,-0.10830699142552427,0.20004571537337043
-0.16434634092691955,-0.2682475844760276,-0.2347170729274861,-0.32165574287924664,-0.19139847678860863,-0.24219891427351073,0.10528500102276342,-0.059070979351403305,-0.09760858043560866,0.37562083571657306
layer_3:weights
-0.01646810466082932,0.10597281866267577,-0.20724311019603664
-0.19461351232196655,-0.2903801835725419,-0.20938385082238953
-0.1400317649249384,-0.20427650600804942,-0.26012735783678426
0.3103916264611889,-0.08849835273532707,-0.9348939631415141
-0.44892674949403166,0.14468417925873228,0.24117517566697627
-0.6328452940130318,0.223905660557249,0.2573414056288938
-0.7181356619406835,0.26584268767863944,0.46205563018401424
-0.2865350316185855,-0.5408148015242432,0.44922463221934966
0.15701321456411227,-0.19952642654840413,-0.1838236283450288
-0.18670962944805944,-0.4928148300172944,0.4875115518171682
layer_0:bias
-0.1310863604302276,-0.1818264681917687,0.23395734279064123,-0.44394702649999446,-0.2308533174332956,0.27211393291273206,0.36139629574400634,0.011677442115666126,0.032113485265315656,-0.39282798866022395,-0.06385687052066845,0.010389334141179906,-0.24520414690288114,-0.06858454821748255,-0.05947138972814893,-0.4757897355443252,-0.1854157940763449,-0.2622031773920941,-0.26478636753879553,-0.3802378681807488
layer_1:bias
0.1407918890709162,0.04185581766556892,0.09596100177807658,-0.05975768778935141,-0.0006966698180099762,-0.18473486319251006,0.19759594579843048,0.038044861893065336,0.08227201713271395,-0.07789402639904408
layer_2:bias
-0.23553889773525222,-0.13675212453656738,-0.08659435907603039,0.3169167771002119,-0.06162551978833699,-0.20151359789321238,0.2723490107943347,-0.08516906933529768,-0.16619236923680752,-0.41685254590494913
layer_3:bias
0.7333936996314218,-0.22783872496276084,-1.1221058204748697
